2006:12345:Ben:Jack:24:5 0 0 0 0 0 0 1 0 1 -3 5 0 0 0 5 5 0 0 0 0 5 0 0 0 0 0 0 0 0 1 3 0 1 0 -5 0 0 5 5 0 5 5 5 0 5 5 0 0 0 5 5 5 5 -5 -5 -5 -5 0
2006:12345:Moose:Jack:24:5 5 0 0 0 0 3 0 0 1 0 5 3 0 5 0 3 3 5 0 0 0 0 0 5 0 0 0 0 0 3 5 0 0 0 0 0 5 -3 0 0 0 5 0 0 0 0 0 0 5 5 0 3 0 0 -5 5 1 -3
2006:12345:Reuven:Jack:24:5 -5 0 0 0 0 -3 -5 0 1 -5 5 0 1 0 1 -3 1 -5 0 0 0 0 0 0 3 0 0 0 0 -5 1 0 1 0 -5 0 3 -3 3 0 1 5 1 0 0 0 0 0 1 3 1 5 1 3 1 0 0 -5
2006:12345:FishGoth:Jack:24:3 3 5 0 0 0 3 0 0 3 0 3 0 0 0 0 0 3 0 5 0 0 0 1 3 1 0 0 0 0 0 3 0 3 0 0 0 1 3 0 0 3 3 0 0 0 5 0 0 3 1 0 0 0 0 -5 -3 1 -5
2006:12345:ViceTofu:Jack:24:3 0 0 0 0 0 0 0 0 0 0 0 0 0 0 0 0 0 1 0 0 0 0 0 0 0 0 0 0 0 0 5 0 0 0 0 0 3 1 0 0 0 3 0 0 0 3 0 3 3 5 0 3 0 3 3 3 -3 5
2006:12345:Francois:Jack:24:3 3 5 0 0 0 3 0 0 3 0 3 0 0 0 0 0 3 0 5 0 0 0 1 3 1 0 0 0 0 0 3 0 3 0 0 0 1 3 0 0 3 3 0 0 0 5 0 0 3 1 0 0 0 0 1 1 -5 -5
2006:12345:Jim C:Jack:24:5 3 0 0 0 0 3 0 0 0 0 0 0 0 1 0 0 0 0 0 0 0 0 3 0 3 0 0 0 0 0 5 0 5 0 0 0 0 0 0 0 0 0 0 0 0 0 0 3 3 3 0 0 0 0 -5 3 -3 -3
2006:12345:Iren:Jack:24:0 0 0 0 0 0 0 0 0 0 0 0 0 0 0 0 1 0 0 0 0 0 0 0 0 0 0 5 0 0 0 1 0 0 0 1 0 0 5 0 0 0 5 3 5 0 0 0 0 5 3 0 3 0 -5 0 5 5 0
2006:12345:CuddlePop:Jack:24:0 0 0 -3 0 0 0 0 0 0 0 0 0 0 0 0 3 0 0 0 0 0 0 0 0 0 0 5 5 0 0 0 0 0 0 0 0 0 1 1 0 -3 5 3 0 0 1 0 0 0 1 0 0 0 0 -5 3 1 -3
2006:12345:MediumTie:Jack:24:0 0 0 0 0 0 0 5 0 0 0 0 0 0 0 0 0 0 0 0 0 0 0 0 0 0 0 0 0 0 0 0 0 0 0 5 0 0 -5 0 0 -5 5 0 0 0 0 0 0 0 -3 0 0 0 -3 1 0 5 0
2006:12345:BloomHamster:Jack:24:0 -3 0 0 0 0 0 0 0 0 0 0 0 0 0 0 0 0 0 0 0 0 0 0 0 3 0 0 0 0 5 3 0 0 0 0 0 5 0 3 0 3 5 3 0 0 0 3 0 5 5 0 0 5 0 1 3 -3 3
2006:12345:BashArch:Jack:24:1 1 3 3 -3 3 3 5 5 5 5 1 3 1 1 0 5 0 3 0 0 0 0 0 0 0 0 0 0 0 0 0 0 0 0 3 3 0 3 0 3 5 5 5 0 -3 0 0 0 0 0 0 3 1 1 5 5 -5 3
2006:12345:IndieCamp:Jack:24:0 0 0 0 0 0 0 0 0 0 0 5 0 0 0 0 0 0 0 0 0 0 0 0 0 0 0 1 -3 0 0 5 5 0 0 5 0 0 3 0 0 0 5 0 0 0 0 0 0 0 0 0 5 0 5 -3 -5 5 -3
2006:12345:JerkyMadness:Jack:24:3 0 0 5 0 0 0 5 0 5 3 0 0 0 0 0 3 0 5 5 0 0 0 0 0 0 0 0 5 0 5 5 3 0 0 5 0 0 5 5 5 3 5 5 0 0 5 0 0 5 5 0 5 0 5 1 5 3 0
2006:12345:GangChar:Jack:24:5 0 0 0 0 0 3 0 0 0 0 3 0 0 0 0 0 0 1 0 0 0 0 0 0 5 0 0 0 0 1 0 0 0 0 0 0 0 0 0 0 0 0 0 0 0 0 0 0 -3 0 0 0 0 3 3 5 0 1
2006:12345:andrew:Jack:24:3 3 1 0 3 0 3 0 0 -3 0 5 3 0 1 0 0 5 3 0 0 0 0 1 0 3 0 1 0 0 3 5 3 3 0 0 0 5 0 5 0 3 3 0 -3 0 0 5 1 5 3 0 3 0 0 0 1 0 3
2006:12345:ma:Jack:24:0 0 0 0 5 0 0 0 0 3 0 0 0 0 0 0 0 0 -3 0 0 0 0 -3 0 0 0 0 0 0 0 3 0 3 0 0 0 -3 0 0 0 0 3 0 0 0 0 0 0 -3 -3 0 0 0 0 1 -3 5 -5
2006:12345:matt c:Jack:24:0 3 0 0 0 0 0 0 0 5 0 5 0 0 -3 5 0 0 1 0 0 3 0 0 3 0 0 0 0 0 1 3 3 0 0 0 0 0 5 0 0 0 5 3 0 3 0 0 0 5 5 3 0 0 0 -5 1 3 -5
2006:12345:Ocelot:Jack:24:5 1 0 0 0 0 0 0 0 0 0 5 0 0 3 0 0 5 3 0 0 0 0 3 0 1 1 0 0 0 3 3 0 5 0 -3 0 3 0 0 0 5 3 0 0 0 0 0 0 0 3 0 1 0 0 -5 1 1 -5
2006:12345:UniCount:Jack:24:5 0 0 0 1 0 0 0 0 -5 0 5 0 0 0 0 0 3 -3 3 0 0 0 5 0 5 0 0 0 0 3 3 0 5 0 0 0 5 0 0 0 0 3 0 0 0 0 5 0 0 0 0 0 0 0 -3 3 5 1
2006:12345:crom:Jack:24:0 0 3 0 0 0 0 0 0 -3 0 0 0 0 5 0 0 0 5 0 0 0 0 0 0 0 0 0 0 0 5 0 0 0 0 0 0 5 0 0 0 0 0 0 0 0 0 0 0 3 3 0 0 0 0 3 -5 1 5
2006:12345:joe:Jack:24:3 0 0 0 0 0 0 0 0 3 0 5 0 0 5 0 1 1 3 0 1 0 3 0 0 0 0 3 3 0 5 3 1 3 0 1 0 3 1 0 0 5 3 0 5 0 1 0 0 1 5 0 0 0 0 5 0 0 3
2006:12345:Priscilla:Jack:24:5 0 0 0 0 0 5 0 0 0 0 3 3 0 1 0 0 0 0 0 0 0 3 5 0 0 0 0 0 0 0 1 0 3 0 0 0 5 0 0 0 0 0 0 0 0 0 0 0 -3 1 0 1 0 -3 3 1 5 3
2006:12345:Harry Potter:Jack:24:0 0 0 0 0 0 0 0 0 -5 0 1 0 0 0 0 0 0 1 0 0 0 0 0 0 0 0 1 1 0 0 0 0 0 0 0 0 3 0 0 0 0 5 0 0 0 0 0 0 3 0 0 0 0 0 -3 1 5 1
2006:12345:I. Ned:Jack:24:0 0 0 0 0 0 0 0 0 1 0 0 0 0 0 0 0 0 3 0 0 0 0 -3 0 0 0 0 0 0 1 1 0 0 0 -3 0 0 3 1 0 3 1 0 0 0 0 0 3 0 0 0 0 0 -3 -5 3 -3 0
2006:12345:ender:Jack:24:5 0 0 0 0 0 5 0 0 3 0 5 0 0 0 0 0 1 0 0 0 0 0 0 0 0 0 0 0 0 0 0 3 0 0 0 0 0 0 0 0 0 0 0 0 0 0 0 0 5 3 0 5 0 3 0 3 3 1
2006:12345:Apollo:Jack:24:0 0 5 0 0 0 0 3 0 0 1 0 0 0 -5 0 0 0 0 0 0 0 0 5 0 0 0 0 0 0 3 -5 0 0 0 0 0 3 0 0 0 0 3 3 0 0 0 0 3 0 -3 0 0 0 1 5 3 -3 3
2006:12345:Zax:Jack:24:0 3 0 0 0 0 0 0 1 0 0 0 0 0 0 0 0 0 0 5 0 0 0 0 0 0 0 0 0 0 0 5 0 0 0 0 0 0 5 0 0 0 5 0 0 0 3 0 0 5 5 0 0 0 1 -3 5 5 -3
2006:12345:Jaluka:Jack:24:0 5 0 0 0 0 0 0 0 1 0 0 0 0 0 0 0 0 0 0 0 0 0 3 0 0 0 0 0 0 5 0 0 0 0 0 0 3 0 0 0 0 0 0 0 0 0 0 5 0 0 0 0 0 0 1 0 0 -5
2006:12345:Sanity:Jack:24:0 0 0 0 0 0 0 0 0 0 0 0 0 0 0 0 0 0 5 0 0 0 0 0 0 0 0 0 5 0 0 5 0 3 0 0 0 0 0 0 0 0 5 0 0 0 0 0 0 0 0 0 0 0 0 1 -3 -3 5
2006:12345:Brix:Jack:24:1 0 0 0 0 0 0 0 0 0 0 0 0 0 1 0 0 0 1 0 0 0 0 3 0 0 0 0 0 0 -3 0 0 0 0 0 0 3 0 0 0 0 0 0 0 0 0 0 0 0 0 0 0 0 3 -3 3 5 0
2006:12345:sage32:Jack:24:0 0 0 0 0 0 0 -3 0 3 1 0 0 0 0 0 0 0 3 5 0 0 0 3 0 0 0 0 0 0 3 0 0 0 0 -5 0 0 0 1 0 0 5 3 3 0 0 0 1 0 0 0 0 0 5 3 3 5 0
2006:12345:clipper:Jack:24:5 0 0 0 0 0 0 1 3 0 0 0 0 0 0 0 0 0 -3 0 0 0 0 0 0 0 0 0 0 0 1 5 0 3 0 0 0 0 0 0 0 5 5 0 0 0 0 0 3 5 5 0 0 0 0 -5 5 -5 5
2006:12345:YJAM:Jack:24:0 0 0 0 0 0 0 0 0 0 0 0 0 0 0 0 0 0 0 0 0 0 0 0 0 0 0 0 0 0 0 1 0 0 0 3 0 0 3 0 0 0 0 3 0 0 0 0 0 5 5 0 5 0 0 -3 0 -3 -5
2006:12345:Martin:Jack:24:1 -3 0 0 0 0 0 0 0 0 0 3 3 0 -3 0 0 0 -3 0 0 0 0 0 0 0 0 0 0 0 0 0 0 0 0 0 0 -3 -3 0 0 0 5 0 0 0 0 0 1 3 5 0 -3 0 0 0 1 5 1
2006:12345:Mike:Jack:24:5 0 0 0 0 0 5 0 0 1 0 5 3 0 0 0 0 3 0 0 0 0 0 3 0 5 0 0 0 0 5 5 5 3 0 0 0 3 0 0 0 5 3 0 0 0 0 5 0 5 3 0 0 0 0 0 5 1 3
2006:12345:Strongbad:Jack:24:5 0 -3 0 -3 0 0 -5 0 0 0 0 0 0 0 0 0 0 0 0 0 0 0 -5 0 0 0 0 0 0 0 3 0 3 0 0 0 -5 0 1 0 5 5 1 0 0 0 5 0 1 1 0 0 0 3 -3 3 5 -3
2006:12345:Brian:Jack:24:5 0 0 0 0 0 0 0 0 3 0 0 0 0 5 0 0 0 0 5 0 0 0 5 0 3 0 0 0 0 1 0 0 0 0 1 0 5 3 5 0 0 5 3 0 0 0 0 0 3 5 0 0 0 0 3 -3 3 1
2006:12345:Douglas Anderson:Jack:24:5 0 0 0 0 0 0 0 0 3 0 0 0 0 5 0 0 0 0 5 0 0 0 5 0 3 0 0 0 0 1 0 0 0 0 1 0 5 3 5 0 0 5 3 0 0 0 0 0 3 5 0 0 0 0 -3 0 0 1
2006:12345:chrispeh:Jack:24:0 0 0 0 0 0 0 0 0 0 0 0 0 0 0 0 0 0 0 0 0 0 0 0 0 0 0 0 0 0 3 0 0 -5 0 0 0 0 0 0 0 0 0 0 0 0 0 0 0 0 0 0 0 0 0 0 -5 -3 -3
2006:12345:Rudy A:Jack:24:0 0 0 0 0 0 0 0 0 0 0 0 0 0 0 0 0 0 0 0 0 0 0 0 0 0 0 0 0 0 3 0 0 1 0 0 0 0 0 5 0 0 3 0 0 0 0 0 0 0 0 0 0 0 0 1 -3 -3 -3
2006:12345:McLovin:Jack:24:0 0 0 0 0 0 0 0 0 3 0 0 0 0 0 0 0 0 5 0 0 0 0 0 0 0 0 0 0 0 -5 3 0 -5 0 0 0 0 0 0 0 0 -3 0 0 0 0 0 0 3 0 0 0 0 0 3 0 0 -5
2006:12345:Mike Williams:Jack:24:3 0 5 0 0 0 5 0 0 5 0 5 0 5 0 0 3 0 3 0 0 0 0 0 0 0 0 0 0 0 1 1 0 5 0 3 0 0 5 5 0 5 5 3 0 0 0 0 0 1 -3 0 0 0 0 3 5 -3 -5
2006:12345:Dude:Jack:24:0 0 0 0 0 0 0 0 0 0 0 0 0 0 0 0 3 0 0 0 0 0 0 0 0 0 0 0 0 0 3 0 0 0 0 0 0 0 0 0 0 0 3 3 0 0 5 0 0 0 -3 0 0 0 0 1 5 -3 0
2006:12345:Hideo:Jack:24:0 0 -3 0 0 0 0 0 0 0 0 0 0 0 0 1 0 0 0 0 0 0 0 0 0 0 0 0 0 0 1 3 0 -5 0 0 0 0 5 0 0 0 5 5 0 0 0 0 0 5 5 0 0 0 0 -3 5 5 5
2006:12345:Rudy Ann:Jack:24:0 0 0 0 0 0 0 0 0 0 0 0 0 0 0 0 0 0 0 0 0 0 0 0 0 0 0 0 0 0 -3 0 0 -5 0 0 0 0 0 1 0 0 3 1 0 0 0 0 0 0 0 0 0 0 0 -5 1 3 1
2006:12345:Sloth Break:Jack:24:0 0 0 0 0 0 0 0 0 0 0 0 0 0 0 0 0 0 0 0 0 0 0 0 0 0 0 0 0 0 1 0 0 1 0 0 0 0 3 0 0 0 3 3 0 0 0 0 0 0 3 0 0 0 0 1 0 5 -3
2006:12345:Anna-Carol:Jack:24:0 0 3 0 0 0 0 1 0 0 0 0 0 0 0 0 0 0 0 0 0 0 0 0 0 0 0 0 0 0 1 3 0 0 0 5 0 0 0 3 0 0 0 3 0 0 0 0 0 0 3 0 0 0 0 3 -3 0 0
2006:12345:SubRia:Jack:24:0 0 0 0 0 0 0 0 0 5 0 0 0 0 0 0 5 0 3 -5 0 0 0 0 0 0 0 0 0 0 1 3 3 -3 0 0 0 0 3 3 1 -3 0 0 0 0 0 0 0 3 3 0 0 0 0 0 1 -3 3
2006:12345:Ella:Jack:24:0 0 0 0 0 0 0 3 0 0 3 1 0 0 0 0 3 0 0 3 0 0 0 0 0 0 0 0 0 0 -5 1 0 -5 0 5 0 0 1 0 0 3 0 5 0 0 0 0 0 0 0 0 0 0 0 1 0 3 -5
2006:12345:Leslie:Jack:24:5 0 0 0 0 0 0 0 0 5 0 0 0 0 0 0 0 0 0 0 0 0 0 0 0 0 0 0 0 0 5 0 5 -5 0 0 0 0 5 0 0 0 -5 5 0 0 0 0 0 5 5 0 0 0 0 1 5 1 -5
2006:12345:Sam:Jack:24:0 3 0 0 0 1 0 0 0 3 0 0 0 0 0 0 0 0 0 0 0 0 0 0 0 0 0 0 0 0 1 0 0 -3 0 0 0 0 0 0 0 0 0 0 0 0 0 0 0 0 0 1 0 0 0 5 -3 1 -3
2006:12345:Cedric Jones:Jack:24:0 0 0 0 0 0 0 0 0 3 0 0 5 0 0 0 0 0 5 0 0 0 0 0 0 0 0 0 0 0 1 0 5 -5 0 0 0 0 0 3 0 0 0 5 0 0 0 0 0 0 0 0 5 0 0 -3 -3 -3 1
2006:12345:Jar Log:Jack:24:0 0 0 0 0 0 0 0 0 0 0 0 0 0 0 0 0 0 0 0 0 0 0 0 0 0 0 0 0 0 1 0 0 1 0 0 0 0 3 0 0 0 3 3 0 0 0 0 0 0 3 0 0 0 0 3 5 5 -3
2006:12345:McLean:Jack:24:0 0 0 0 0 0 0 0 0 5 0 0 0 0 0 0 3 0 0 0 0 0 0 5 0 0 0 0 0 0 5 0 0 3 0 0 0 5 5 0 0 0 5 5 0 0 0 0 0 0 5 0 1 0 5 5 5 3 -3
2006:12345:Shannon:Jack:24:3 0 0 0 0 0 0 0 0 5 5 0 0 0 0 0 5 0 0 5 0 0 0 0 0 0 0 5 0 0 0 5 5 -5 0 5 0 0 5 0 5 5 5 5 0 0 5 0 0 5 5 0 5 0 0 -3 -5 1 0
2006:12345:Joshua:Jack:24:0 0 0 0 0 0 0 1 0 0 -3 0 0 0 0 0 0 0 0 0 0 0 0 0 0 0 0 0 0 0 3 0 0 -5 0 -5 0 0 0 0 0 0 5 0 0 0 0 0 0 0 0 0 0 0 0 0 5 5 -5
2006:12345:Jeremy:Jack:24:0 0 0 0 0 0 0 0 0 0 3 0 0 0 0 0 0 0 0 0 0 0 0 0 0 0 0 0 0 0 0 3 0 -5 0 0 0 0 0 0 0 3 0 0 0 0 0 0 0 0 0 0 0 0 0 0 3 -5 -3
2006:12345:Pablo Sanchez:Jack:24:0 0 0 0 0 0 0 0 0 0 0 0 0 0 0 0 0 0 0 0 0 0 0 0 0 0 0 0 0 0 0 0 0 3 0 0 0 0 3 0 0 0 0 1 0 0 3 0 0 0 0 0 0 0 0 1 -3 -3 3
2006:12345:Scream:Jack:24:0 0 0 0 0 0 0 0 0 0 0 0 0 0 0 0 0 0 0 0 0 0 0 0 0 0 0 0 0 0 0 0 0 -5 0 -5 0 0 0 0 0 0 3 0 0 0 0 0 0 0 0 0 0 0 0 1 1 0 5
2006:12345:ROFLOL:Jack:24:5 0 0 0 0 0 0 0 0 3 3 3 0 0 0 0 5 0 0 5 0 0 0 0 0 0 0 5 0 0 0 5 5 -5 0 5 0 0 5 5 5 5 5 5 0 0 0 0 0 5 5 0 0 0 0 -3 0 -3 -5
2006:12345:Albus Dumbledore:Jack:24:0 0 0 0 0 0 0 1 0 0 -3 0 0 0 0 0 0 0 0 0 0 0 0 0 0 0 0 0 0 0 3 0 0 -3 0 -5 0 0 0 0 0 0 5 0 0 0 0 0 0 0 0 0 0 0 0 3 1 -3 3
2006:12345:Alexandra:Jack:24:0 0 0 0 0 0 0 0 0 0 3 0 0 0 0 0 0 0 0 0 0 0 0 0 0 0 0 0 0 0 0 3 0 -5 0 0 0 0 0 0 0 3 0 0 0 0 0 0 0 0 0 0 0 0 0 5 1 3 -5
2006:12345:NaRwHaLs:Jack:24:5 0 0 0 0 0 0 0 0 0 0 5 0 0 0 0 0 5 0 0 0 0 0 0 0 0 0 5 0 0 0 3 0 -5 0 0 5 0 5 0 0 0 -3 3 0 0 0 0 0 5 5 0 0 0 0 3 -5 3 -5
2006:12345:J-Rok:Jack:24:5 0 0 0 0 0 0 0 0 0 0 0 0 0 0 0 0 0 0 0 0 0 0 0 0 0 0 0 0 0 0 0 0 -3 0 -5 0 0 0 0 0 0 -5 0 0 0 1 0 0 0 0 0 0 0 0 -5 1 5 3
2006:12345:snoosh:Jack:24:0 0 0 0 0 0 0 0 0 0 0 0 0 0 0 0 0 0 1 0 0 0 0 5 0 0 0 0 0 0 0 5 0 1 0 0 0 0 3 5 0 -3 5 3 0 0 -5 0 0 5 5 0 0 0 0 3 5 -3 0
2006:12345:Huxil:Jack:24:0 0 0 0 0 0 0 0 0 0 0 0 0 0 0 0 0 0 0 0 0 0 0 0 0 0 0 0 0 0 0 1 3 0 0 0 0 0 0 0 0 0 0 0 0 0 0 0 0 0 3 0 1 0 0 0 -3 1 1
2006:12345:hidan:Jack:24:0 0 0 0 0 0 0 0 0 0 0 0 3 0 0 0 0 0 0 0 0 0 0 0 0 0 0 5 5 0 0 3 0 5 0 0 0 0 5 0 0 0 5 5 5 0 0 0 0 5 5 0 0 0 0 0 3 -3 -3
2006:12345:Leah:Jack:24:0 0 0 0 0 0 0 0 0 0 0 0 0 0 0 0 0 0 0 0 0 0 0 0 0 0 0 3 0 0 0 0 0 0 0 0 0 0 0 0 0 0 0 0 1 0 0 0 0 0 0 0 0 0 0 3 1 1 -3
2006:12345:Boxxy:Jack:24:0 0 0 0 0 0 0 0 0 0 0 0 0 0 0 0 0 0 0 0 0 0 0 0 0 0 0 0 5 0 5 0 0 5 0 0 0 0 0 5 0 0 0 0 0 0 0 0 0 0 0 0 0 0 0 -3 0 5 5
2006:12345:Rosanna:Jack:24:0 0 0 0 0 0 0 0 0 5 5 3 0 0 -3 0 0 0 1 0 0 0 0 0 0 0 0 1 0 0 1 5 0 1 0 5 0 0 0 0 0 0 5 5 0 0 0 0 0 0 -3 0 0 0 0 0 -3 5 1
2006:12345:Claire:Jack:24:5 3 0 0 0 0 0 5 0 3 1 0 0 0 1 0 1 0 3 0 0 0 0 -3 0 5 0 0 0 0 5 5 0 1 0 -5 5 0 3 3 0 5 5 5 0 0 0 0 0 5 5 0 1 0 1 -5 1 1 1
2006:12345:David:Jack:24:0 0 0 0 0 0 0 0 0 0 0 0 0 0 0 0 -5 0 0 0 0 0 0 0 0 0 0 0 0 0 0 0 0 0 0 0 0 0 1 0 0 5 1 0 0 0 0 0 0 0 0 0 0 0 5 -5 1 3 1
2006:12345:Zachary:Jack:24:0 0 0 0 0 0 0 0 0 0 0 0 0 0 0 0 1 0 0 0 0 0 0 0 0 0 0 5 0 0 0 0 0 0 0 0 0 0 3 0 0 1 0 5 5 0 0 0 0 0 5 0 0 0 0 3 3 3 -5
2006:12345:ParseClaws:Jack:24:5 5 3 0 0 0 0 0 0 -5 0 3 0 0 3 0 0 0 3 0 0 0 0 5 0 5 0 1 1 0 3 1 0 0 0 -5 0 5 0 0 0 0 3 3 0 0 3 0 0 0 0 0 0 0 -3 0 -3 -3 1
2006:12345:Tiffany:Jack:24:3 0 0 1 0 0 0 -3 0 5 -3 0 0 0 3 0 3 0 1 3 0 0 0 0 0 0 0 -5 1 0 5 5 0 0 0 -5 0 0 1 3 5 3 5 5 0 0 -3 0 0 5 5 3 5 0 3 0 3 0 0
2006:12345:Sidney:Jack:24:0 0 0 0 0 0 0 0 0 0 0 0 0 0 1 0 3 0 3 0 0 0 0 1 0 0 0 5 5 0 0 3 0 3 0 0 0 0 5 5 0 0 5 0 3 0 3 0 0 5 5 0 0 0 0 -5 0 5 -3
2006:12345:Tony:Jack:24:-5 -5 -5 -5 -5 -5 -5 1 1 -5 -5 1 1 3 5 -5 1 1 5 1 -5 -5 -5 1 1 -5 1 -5 1 1 3 0 0 0 0 0 3 0 0 0 3 0 0 -3 0 -5 -5 -5 0 5 5 1 1 1 1 5 3 1 -5
2006:12345:Mark:Jack:24:5 3 0 0 0 0 0 0 0 3 0 5 0 0 3 0 0 0 1 0 0 0 0 3 0 0 0 3 3 0 5 1 0 3 0 0 0 0 3 0 0 0 0 0 0 0 0 0 0 0 0 0 0 0 5 -5 0 0 3
2006:12345:NuNu:Jack:24:0 0 0 0 0 0 0 1 0 0 0 0 0 0 0 0 3 0 3 0 0 0 0 0 0 0 0 0 0 0 3 0 0 1 0 5 0 0 0 0 0 1 3 3 0 0 0 0 0 0 0 0 0 0 0 3 1 0 5
2006:12345:Hamza ALi:Jack:24:0 0 0 0 0 0 0 -5 0 5 1 0 0 0 1 0 5 0 -3 0 3 0 0 0 0 0 0 -5 0 0 -3 5 0 5 0 3 0 0 1 0 3 1 3 5 0 0 0 0 0 1 -5 0 0 0 0 0 3 5 -3
2006:12345:dencellia:Jack:24:0 0 0 0 0 0 0 0 0 0 0 0 0 0 0 0 0 0 -3 0 0 0 0 0 0 0 0 1 3 0 1 0 0 0 0 3 0 0 0 0 0 0 5 0 3 0 0 0 0 -3 3 0 0 0 0 -3 5 0 5
2006:12345:Nathan:Jack:24:0 0 0 0 0 0 0 -5 0 5 1 0 0 0 1 0 5 0 -3 0 3 0 0 0 0 0 0 -5 0 0 -3 5 0 5 0 3 0 0 1 0 3 1 3 5 0 0 0 0 0 1 -5 0 0 0 0 -3 -5 5 3
2006:12345:James:Jack:24:3 1 0 0 0 0 3 -3 0 0 1 0 0 0 0 0 0 0 1 1 0 0 0 -5 0 0 0 -5 -5 0 -3 5 0 3 0 -5 0 0 0 5 0 5 1 3 0 0 0 0 0 -5 5 0 -3 0 5 3 0 -3 3
2006:12345:KeeLed:Jack:24:0 0 0 5 0 0 0 5 0 5 5 0 0 0 0 0 5 -3 -3 0 0 0 0 0 0 0 0 0 0 0 1 0 0 0 0 5 0 0 5 0 5 5 5 5 0 0 0 0 0 3 1 0 0 0 0 3 -5 3 3
2006:12345:Megan:Jack:24:5 5 0 0 0 0 0 0 0 3 0 5 0 0 1 0 5 0 1 5 0 0 0 0 0 1 0 5 0 0 3 5 5 0 0 5 0 0 3 0 0 3 5 5 0 0 0 0 0 5 5 0 5 0 0 1 0 1 -3